191 30
-499 -265
-405 658
-542 191
-383 946
-461 -940
-419 -228
457 487
741 192
-393 981
277 114
844 -362
-519 902
-926 551
247 -533
-5 -993
-99 -746
685 231
-828 -231
-436 -864
866 143
-678 -612
434 -305
-493 -478
-339 -740
-41 -980
-290 521
-283 -64
888 175
-176 -1000
717 -216
251 -430
-973 921
-786 104
-409 183
-233 -256
222 -990
-148 798
264 466
868 -646
-135 -804
408 511
-646 246
665 -87
-426 -262
594 -819
-538 958
406 -629
346 -142
315 -756
979 528
834 694
-657 -249
-329 -792
355 590
-981 -261
-132 -108
867 379
693 -6
421 183
428 -338
-133 -102
347 -946
-238 -478
15 -751
-43 94
568 -613
976 -362
873 -842
-106 876
656 -221
109 -445
186 -133
380 206
-883 425
428 -297
-132 13
839 -643
-64 -963
971 -427
932 -893
57 -868
-45 594
816 -571
-696 72
-343 656
-196 -346
-873 -328
900 44
196 -742
-76 -852
455 -921
-394 -595
-758 771
676 -707
-439 290
-61 -116
149 93
-549 -694
798 -317
-345 594
-507 -922
-699 208
514 808
-344 -819
559 -870
716 -134
-171 330
743 709
-405 971
-469 513
-337 -472
311 169
-393 -409
-407 591
775 -806
149 92
979 -786
-326 835
-988 398
-546 -427
957 -50
-630 574
-175 -75
786 -493
-408 -669
-261 98
276 34
-221 -350
-708 209
356 441
122 -124
-66 -450
-860 -30
541 -813
-414 782
-149 -360
181 934
-336 953
125 -192
-459 -572
-87 -30
426 -677
-10 62
450 -540
-940 738
-265 832
343 206
217 375
-934 0
931 -283
-803 -595
441 179
-872 380
489 927
-904 183
-241 -978
-458 191
-732 -425
56 -419
568 -696
699 -470
455 -765
-624 -691
78 848
187 748
811 33
-540 153
463 -291
-136 721
-938 -732
939 -408
-896 343
-834 -653
-158 -566
846 501
-913 427
-958 64
-504 -487
-339 373
783 288
656 169
-931 570
-918 -273
-13 523
723 -453
-914 -44
-306 223
98 -131
847 -891
626 549
566 899
-649 868
-124 -969
995 980
563 -117
-549 -364
455 -274
246 747
-770 592
-669 -157
-32 -523
-215 948
597 -117
332 -379
-614 -172
-296 -810
-283 856
947 907
-58 -652
-476 -523
406 567
129 -647
918 -998
97 226
-230 365
-793 193
-263 -464
-352 -337
-747 -10
-774 299
510 -870
-281 73
-579 493
-707 -573
274 -837
-148 304
446 198
144 125
-221 292
31 630
-849 -908
-156 -3
928 545
149 -728
-15 389
-231 507
-782 362
-431 702
814 927
-366 996
-854 476
-430 795
90 166
339 -790
601 -922
-162 -199
361 21
-853 -291
-267 -231
89 -517
34 746
993 -645
41 -835
-486 -33
119 977
-249 120
-422 -546
-826 675
-538 -263
-756 -867
-73 113
-389 -922
-98 812
-754 2
476 583
-214 -750
-252 -401
-256 570
239 847
-594 23
-515 -37
769 840
-4 892
-107 -407
-901 -135
820 393
948 -104
-904 -946
-803 624
582 -13
-131 -593
-832 -637
197 725
-871 -872
808 -265
330 932
859 442
-31 -982
76 702
-930 -209
357 -388
-374 -80
-271 -224
597 -287
926 979
-456 -34
83 -495
421 -234
220 -941
-927 -746
-50 -255
204 153
291 950
858 472
877 129
-292 -822
466 -423
-390 733
-853 255
750 685
233 -500
-952 690
-447 -788
-529 862
-211 -615
561 -456
-51 -546
260 -791
566 858
134 -413
-696 -600
372 742
172 87
-330 -18
-870 374
-612 -65
354 138
-753 647
390 197
294 399
-897 858
-416 929
592 -514
-357 -153
-583 -151
-941 -17
725 983
-897 676
-742 -996
-330 190
-949 466
-140 201
-907 138
-171 -265
-307 552
-866 -721
-474 -421
355 -11
-367 682
-686 129
292 -970
881 763
-599 -231
423 120
223 -223
520 -848
-412 -759
80 549
-983 -183
-563 -935
-167 -961
-209 -20
681 433
693 454
630 -163
-567 -131
471 -61
-638 147
-932 685
103 -367
837 749
575 -805
639 -160
-968 214
-838 992
646 261
440 -92
283 -568
102 -516
-62 -892
-776 868
-856 913
59 560
947 685
130 608
921 -877
876 56
-243 258
224 292
-437 917
-643 642
-685 661
-709 -701
813 557
-359 -167
8 547
354 961
-619 -371
-32 -792
-361 -610
-110 179
549 -216
-518 815
-623 -742
734 583
6 -877
311 710
854 546
-55 -919
722 -645
368 -405
311 780
-712 -691
-470 -148
-527 -61
-804 134
602 125
90 618
-25 -194
634 -352
941 -26
-618 303
183 -815
224 -266
797 -872
-430 686
-698 -700
-997 -696
-258 550
632 -158
-899 -12
-967 -739
618 558
541 422
313 134
-371 -301
-327 -303
