397 -285
-309 -963
-332 643
524 326
-149 990
-406 666
439 887
40 -883
-181 -358
-647 362
174 -79
-564 -369
288 520
587 176
-592 827
511 384
-397 796
152 -47
978 678
678 -923
152 -162
-872 101
-481 -456
-655 993
768 -394
-769 -931
108 -786
-283 124
-23 -628
552 146
980 -12
-614 371
-771 909
241 -305
129 -245
148 613
551 -742
-249 84
-440 -804
677 -855
-227 645
-229 623
286 674
-718 -673
-4 941
203 184
-766 -915
-244 -287
-657 859
-190 -186
342 -43
-240 -486
-410 942
940 -560
277 585
199 702
-610 -373
622 561
-747 -987
-88 600
743 286
-792 135
-237 503
65 -368
533 375
-906 811
-147 266
-796 -568
-12 -940
601 -60
-354 -654
443 -804
26 -662
151 52
-72 -288
-324 533
-797 -86
-91 -920
946 -140
369 -681
59 -839
-18 -635
-456 571
586 923
526 -790
-716 -321
85 -57
828 600
321 -144
37 933
96 -132
-617 501
200 961
348 734
-36 571
176 -629
-580 46
-894 -178
-554 938
-166 -207
-518 751
-613 936
788 -131
83 633
-672 -503
-339 -610
610 -237
-807 717
-32 295
-823 -263
671 -627
-350 -647
-890 -44
509 542
760 84
334 310
-372 314
639 350
-14 927
-543 718
-852 463
-345 573
-868 -764
205 402
98 -625
-631 -342
434 407
-329 -170
-174 831
-977 605
698 -354
-928 -203
-779 121
-184 216
-661 -944
855 252
407 -869
-924 763
561 -821
455 514
877 839
817 665
-926 -820
-544 -686
-490 702
-903 851
585 -349
471 529
-93 856
-773 -945
705 -337
627 -77
-544 -41
-665 271
373 -702
705 -998
-721 701
-80 36
-912 -387
443 -464
239 -218
507 -612
