920 -369
711 315
-646 -391
-415 208
631 702
-558 -393
-999 475
-107 -60
-540 -342
-85 -719
-635 -162
885 -929
981 -839
293 418
781 645
-745 952
-956 -615
-757 -212
207 -74
-271 589
251 133
644 -749
608 -583
453 555
92 925
-59 -645
182 -898
251 290
-1 -620
759 109
494 -346
-529 203
-85 -200
-777 992
872 538
-821 -33
895 -262
248 -897
185 -681
-764 -966
-902 457
-382 -112
-547 63
-683 767
386 923
-807 -307
780 223
-620 89
668 -351
-540 667
-759 991
-549 -78
455 200
510 -253
-804 431
202 113
-595 790
473 750
647 1
71 -200
-348 -117
-669 -68
-929 1
135 27
711 448
-545 988
-755 -82
918 986
825 116
-437 355
818 -5
231 907
-613 -571
-967 -935
525 -134
834 22
138 399
-744 346
-683 81
865 260
922 106
-31 347
714 -367
410 -273
-390 126
-946 -579
-735 15
136 606
-624 264
169 -840
653 -71
-118 -935
865 957
-462 431
-5 -301
-762 -178
-75 -594
-143 584
876 347
-397 -538
375 465
881 909
219 -438
-761 -307
-877 -200
63 5
-943 623
-593 -400
-552 -319
942 371
174 0
428 -260
905 792
860 -248
-691 894
-408 -719
432 550
735 -835
859 -990
287 641
426 -276
-859 284
820 -43
726 -111
76 -839
170 -299
255 -471
-779 -175
-761 -393
-33 636
745 -923
-202 924
74 445
-135 576
880 213
490 -900
798 979
-592 265
703 928
950 -636
-351 -291
33 106
702 624
694 918
795 -489
419 59
83 -71
-738 765
206 424
-774 -54
-879 292
544 -899
-226 14
-775 -213
-686 193
185 428
-660 230
-29 116
157 130
952 -736
895 -945
635 698
-874 88
514 934
766 884
786 262
-710 256
921 -263
105 21
-664 -934
991 -756
-300 157
135 233
763 -216
54 -607
-871 -706
945 -598
772 -500
172 -953
183 -104
504 -455
-102 -357
-332 466
42 -217
-486 759
687 -106
-266 890
316 -120
601 -719
842 429
28 -506
841 -330
805 128
334 -501
468 191
-615 -190
114 -106
-336 228
452 718
350 751
193 -968
889 689
82 -243
-422 866
912 -595
829 -931
-768 -196
-266 -441
-697 -443
-931 -855
-833 598
-244 833
660 861
-536 664
-295 -650
-567 388
89 -196
-924 -417
241 -658
570 946
386 287
-488 -240
-97 551
649 319
860 -828
-40 -724
407 -491
437 451
195 973
615 147
-922 -732
-887 -762
654 281
-635 465
-396 369
-677 990
-580 199
683 -471
-54 831
-708 77
886 -915
158 683
-198 -454
764 -240
-532 121
-361 328
-186 342
-615 -26
932 608
753 -268
-573 -848
90 512
476 -128
-526 565
419 356
-503 396
754 -897
281 -353
834 692
-166 -78
336 199
347 -591
346 -500
-218 468
-91 325
401 295
894 616
21 310
-821 -570
378 -257
402 786
-693 748
762 46
162 -276
-859 825
-316 -910
