-17 705
130 464
937 581
530 725
-786 347
796 -313
13 83
-800 101
-579 -344
434 -389
750 766
451 687
-351 347
545 975
940 214
168 -513
-275 -767
934 -144
-468 -485
-10 -569
551 -905
-376 220
-480 360
-670 -361
-314 -132
549 315
-659 80
879 382
-886 -949
-449 280
-620 -437
418 -451
678 -537
-67 324
-417 -860
458 276
-387 897
-525 -567
-47 -826
-478 533
511 140
788 -544
-925 -754
372 748
-528 -575
229 -68
-368 -868
236 -303
-141 361
-587 -477
886 -419
860 332
737 599
414 389
-133 477
-159 674
-664 -539
490 700
-481 -201
-824 -808
-394 -594
-720 658
662 -326
-657 341
100 616
-213 -215
387 88
701 710
960 -202
-466 -459
684 -475
717 -212
791 432
195 10
-48 132
814 699
-121 339
804 -165
16 -401
648 914
-770 421
847 875
771 727
64 472
571 360
127 114
607 -130
-163 -185
-255 45
-511 579
-942 -187
259 -873
-221 757
51 -822
565 169
-437 725
700 -45
-821 -348
765 -828
392 -686
859 -727
-610 -240
-825 425
-706 129
-802 242
-831 -432
816 -783
