676 241
-90 -615
837 -491
-162 363
-465 14
-794 -268
-96 -690
855 536
693 -488
-274 -66
428 -529
416 -81
-785 391
875 -231
114 -901
951 -501
-916 -977
172 18
-104 212
101 285
687 -234
268 808
-869 902
301 -132
763 -684
425 -555
514 78
208 -144
487 -42
132 957
-886 -199
-280 888
-785 417
26 64
-566 -146
-436 455
-862 -687
572 226
593 396
935 134
271 -47
426 -863
-746 -123
451 -475
-9 -444
-735 -619
292 -963
-528 -327
775 -939
402 31
58 -714
-137 323
-822 -246
-128 -397
-25 945
704 870
333 9
301 658
273 891
493 315
165 -330
-839 -905
-246 848
567 -277
-91 -782
-147 -556
-230 -272
-476 342
290 -606
-995 157
399 -60
472 5
445 888
633 -200
-568 -258
316 -670
-584 -396
0 -720
391 -17
-897 -666
-20 110
-129 540
471 387
693 289
170 -84
-478 -777
346 -384
-995 808
179 529
114 546
517 316
-261 820
638 290
-331 -394
-739 -286
798 401
-889 823
744 -427
987 337
311 667
71 -223
314 -510
-592 249
513 -416
8 469
488 -735
-910 548
-869 -120
-539 608
885 -357
-915 338
174 -835
-242 371
755 848
-346 947
243 -909
387 -69
-107 870
304 -819
682 -733
381 -401
275 -662
-880 -960
355 -852
705 -816
-648 -202
-824 758
927 93
-926 434
-421 778
-457 -629
440 -515
212 214
960 873
259 -179
876 746
-394 -173
783 -401
-865 -35
-61 980
852 457
620 592
-190 -2
482 273
-895 139
-820 909
-385 -278
-812 856
-353 775
-197 793
373 987
-434 -765
-962 681
414 -175
-584 785
638 319
827 203
-611 -341
-116 -270
644 -298
-163 156
-506 794
868 211
854 -472
-902 -612
28 836
385 -882
160 872
-468 209
-818 243
-586 25
-889 -593
211 -940
311 185
-738 905
721 -706
-462 480
729 -69
309 361
-130 335
402 -221
226 254
-322 -654
-173 923
342 884
722 464
-879 39
388 125
708 276
746 627
235 352
345 -147
430 521
-241 387
42 -94
-309 -988
-428 -347
646 999
486 994
-927 -242
254 673
204 -599
427 145
-195 -581
644 -844
13 12
-278 593
-791 -854
-915 933
-562 413
640 456
274 -249
-412 -720
-816 478
531 796
31 -180
31 -971
307 460
-126 -676
-89 -639
879 970
-718 139
981 801
347 -955
-826 -722
-656 -915
6 783
-958 250
-750 -540
-666 -675
-163 -975
-54 144
-979 870
-24 736
376 -252
338 291
-336 824
-806 -966
65 77
651 452
674 140
441 37
-675 400
863 -660
-667 907
-309 -701
291 -341
-660 -420
-513 671
-636 947
-160 198
608 -847
-220 -623
938 815
387 -301
846 394
774 -473
885 475
256 -581
245 520
-123 197
610 -301
683 -90
-355 654
-927 -53
210 244
283 -163
362 268
-51 683
385 -770
-670 963
920 162
689 55
-292 537
-258 7
63 415
-103 -659
9 724
-972 108
-839 -385
68 -22
292 781
452 -242
686 581
659 -875
371 -76
845 -580
835 -709
396 315
193 242
-663 -947
-493 77
-724 149
-993 -79
-91 -546
-49 -586
-23 -659
210 -606
-991 -271
651 122
-160 -979
913 563
-682 821
381 -458
-413 588
166 -608
831 -378
-870 972
563 414
518 -988
706 317
557 -358
116 -702
672 -815
-604 -516
104 -812
-295 514
-180 -59
-139 1000
-733 96
831 -257
-742 375
661 170
-231 -419
-428 143
-884 830
-900 620
-184 -976
-325 -519
-588 906
933 856
-440 -738
-760 469
-718 -843
376 196
299 -219
161 657
-491 857
-168 -827
-453 474
802 521
-336 548
-309 -124
-566 693
-664 283
-460 684
-334 -303
926 946
790 913
-412 208
343 851
855 -182
573 358
-815 -335
420 -552
-918 -866
-261 -578
-834 -436
-363 971
-737 -56
