-94 12
689 -338
758 -941
217 643
863 -870
435 350
-609 -32
-532 966
-441 -409
-947 212
725 873
588 -750
178 683
-617 188
127 667
166 813
7 481
190 -74
18 -865
691 35
404 -117
-754 -124
449 311
463 -659
-462 -622
796 -109
687 -708
487 -242
-160 195
910 -651
-254 594
-233 750
-433 441
-45 792
-826 603
850 965
903 -48
212 -269
-976 534
-523 856
-535 -930
475 647
-135 323
-415 621
665 -714
-635 -980
-94 -522
343 -485
528 549
-204 184
-911 -957
-383 683
-3 -93
794 -710
305 -991
-884 244
7 813
955 -948
-685 -738
754 -463
370 -860
-986 242
654 -9
-531 -964
840 416
-933 -855
999 -787
809 492
-992 -163
695 -13
-453 -133
-252 -774
-390 40
331 488
-183 -618
-220 647
887 -282
-218 -868
-321 -51
-765 917
-386 104
202 -619
788 813
773 237
-790 -303
289 683
749 79
-728 -771
447 -986
398 5
99 828
-476 -960
295 -626
-9 479
996 159
717 -733
574 -902
-619 843
343 -618
403 -226
-918 303
-991 -986
-182 42
-25 -327
-955 -974
918 -19
448 -248
90 851
723 167
-324 -705
-950 130
-633 399
938 -707
803 707
-487 196
-927 -896
-824 -320
175 787
545 -983
848 61
984 -143
599 -88
-282 407
855 617
-520 566
-242 -913
69 -776
187 678
-608 -65
698 438
57 -509
-293 -90
-650 667
887 934
-605 158
457 678
-813 934
-613 -320
-825 -997
-724 772
247 609
672 462
-258 262
953 -22
-492 849
-21 586
175 -588
735 -799
-969 323
579 305
971 -915
-223 -477
312 73
-358 781
-486 922
-697 -828
925 -315
-496 822
-683 771
-564 -872
388 -621
-208 -314
-168 -476
786 -115
-522 494
216 143
262 -601
866 -362
294 352
155 -616
278 71
761 -507
-162 -755
-406 -495
-695 578
538 -978
319 -652
246 588
478 -303
578 -412
-304 890
-667 449
-609 566
87 -726
-399 -281
-82 -504
962 -715
-337 -750
915 698
-524 61
-193 -85
742 464
892 -777
667 37
672 116
-112 541
313 767
980 -427
-150 -849
362 123
-221 -930
138 561
269 -883
-257 -185
474 -723
-469 -126
398 842
870 671
590 -767
146 -650
660 78
-916 -664
202 -93
591 -774
981 -739
-742 -125
-910 -41
74 -20
-169 952
-645 -896
-953 -805
162 -987
762 656
-387 631
-842 -998
-81 -593
313 -676
-352 114
-760 -954
90 -475
-24 734
-425 -264
592 762
496 425
661 -811
-73 -228
766 359
-53 -703
172 32
-191 -39
909 218
861 145
-650 -841
-864 -620
-267 -563
-800 -434
-665 -761
755 -809
-685 896
607 -897
982 432
101 592
756 991
-276 903
166 343
145 -672
274 896
973 -4
472 -572
992 -17
-953 -386
941 -572
-670 -301
-492 185
-283 -105
267 630
990 -594
286 -553
714 641
-516 -17
821 -854
-342 106
250 509
230 51
496 659
143 952
-934 -792
-802 -660
111 369
-459 472
-1 72
727 -335
-617 130
-366 -690
-179 -973
-622 681
-911 -222
584 -333
976 647
-880 511
-446 95
220 -307
-191 -524
59 57
-551 -602
-769 630
474 903
-875 383
921 18
701 -155
-637 626
326 -21
-988 614
737 -424
-140 -319
-987 -868
795 -775
725 -671
-524 -307
-122 10
-540 469
-993 -375
-697 550
127 521
-272 486
279 727
256 537
-644 -329
267 -549
417 -51
473 -500
-777 -641
-6 -746
605 62
801 119
-797 -778
-763 494
680 -577
965 -187
423 974
851 -327
-71 9
855 -980
-596 -187
393 83
656 490
984 -726
-284 762
162 831
-532 390
-11 -124
636 544
59 -251
543 -716
-696 -612
306 -362
-937 -719
973 -299
-308 455
-942 777
-49 -727
