342 -414
147 591
-523 374
323 759
411 -825
-512 426
-697 -306
-244 -71
-80 -648
-697 27
-692 352
-272 -949
952 446
-309 -106
-554 659
-383 -431
609 -2
-561 497
935 413
-968 196
-973 -679
858 228
466 545
204 -307
-43 653
-834 873
437 805
646 666
758 -77
-932 -843
-85 -939
-886 706
189 383
-595 -300
-412 -682
-139 565
-969 -467
-38 -490
823 839
-827 641
-482 256
159 -545
-950 538
103 -298
-157 -137
-871 -532
124 -769
510 901
-565 -727
67 -884
-565 70
-241 -599
-513 -858
572 -603
171 717
-989 -697
688 841
530 19
-924 -234
-977 -272
23 -520
-74 130
-433 -348
0 551
-677 -478
-516 -444
-59 278
404 -490
587 -777
-692 409
68 708
-77 -14
306 871
-157 639
358 -879
-793 -720
923 -765
926 272
-1 -290
749 -305
122 -130
332 -190
566 991
-948 -118
970 492
-737 266
598 -680
12 -252
198 691
396 -209
-378 495
-895 942
376 -265
211 458
183 -779
-617 -712
334 777
-684 -518
-543 823
488 348
599 -366
-896 183
-431 -61
-929 198
968 -454
961 -427
-732 -944
47 692
291 -39
164 -724
728 -419
-956 257
839 -568
-932 381
-596 915
349 -866
543 933
447 -750
976 -123
263 -660
171 806
-54 894
-982 -628
452 231
828 -621
546 167
797 -921
-912 231
444 774
-503 -641
-719 -800
912 -406
355 528
-768 -375
-718 548
-772 -47
877 -190
335 -404
911 966
355 831
-815 687
685 -572
-394 915
-115 867
516 44
-59 52
904 -939
111 200
993 440
-626 499
-327 -864
862 -133
703 898
-565 -664
812 690
-94 219
692 -705
-290 547
304 -138
487 -920
564 521
685 586
488 -698
-82 525
-723 -131
732 -959
97 784
112 -624
-798 615
-414 237
557 657
73 550
814 -600
430 -948
662 -689
-549 992
-765 75
92 -514
227 -126
-983 -711
-364 910
-618 -157
314 48
-128 -11
-912 603
-878 -442
-988 -548
-64 -30
-339 -334
456 -498
218 288
511 -420
739 -252
-946 316
746 651
-307 98
-992 -899
-353 -110
280 -403
-401 413
217 303
-701 -295
-607 99
-691 -967
-780 607
575 634
-351 758
587 -730
-332 9
977 -911
597 -414
-676 -932
440 420
481 -50
287 203
-921 -575
-569 -956
-131 657
-541 966
-683 -990
-827 117
496 -199
184 674
-813 379
-1 -201
163 -255
760 566
-66 777
687 -51
877 387
-179 137
-543 762
-638 69
565 685
-705 -961
692 -14
78 184
-248 940
-521 -371
749 -95
-967 -299
-698 -421
-719 -386
-597 123
-81 -538
6 105
-542 183
250 -699
408 95
-426 -326
-301 90
-688 -799
653 -259
131 69
-392 -928
-968 206
-159 164
809 -876
839 -430
738 215
-882 423
22 723
-112 -100
508 -671
139 -49
101 -960
223 -27
276 -886
559 166
-160 -448
171 85
-987 395
985 141
-540 272
-205 -88
956 412
2 -572
-28 -347
772 -260
-641 700
210 -592
530 -454
-369 -515
679 -633
888 -696
500 631
-423 -523
-387 -143
-85 -793
440 -877
365 -569
206 -912
-453 -701
-655 249
701 -61
-88 -839
-461 634
-729 743
-889 -965
131 -941
-876 -953
-334 751
35 931
59 427
-804 651
236 561
675 -492
832 756
-539 592
-406 399
-51 -587
-176 -382
459 307
469 -137
-456 808
-668 -852
-613 298
890 -905
-774 486
216 799
-575 -549
-132 722
504 -48
-581 -262
-977 627
958 690
882 411
-879 -855
813 302
15 -653
-938 -952
360 -314
-591 -590
347 -86
996 324
747 100
450 -667
-320 -206
761 -997
-728 442
325 166
-94 -139
154 -729
257 797
-621 74
-86 227
418 132
-883 65
-744 889
-570 787
396 397
-900 -610
65 -278
-1 605
449 496
408 -577
913 850
421 -158
-753 -806
253 -285
188 485
-820 391
90 -386
692 -628
-135 909
899 -378
-775 42
-521 306
760 820
105 -316
738 504
959 -77
-78 -82
-188 55
117 581
23 501
-817 227
-311 204
577 439
504 -185
-407 721
-322 -61
634 657
-554 960
-8 292
-74 -135
-60 385
561 604
264 -618
-183 894
583 -349
2 -213
628 496
-487 -906
317 -712
413 -571
948 -420
-134 592
-714 802
-509 -135
507 -412
75 976
69 -134
168 600
-608 259
600 435
850 -725
343 430
-231 436
-233 -599
-637 254
-120 463
-889 -363
687 -708
155 -339
-291 -620
-850 450
351 -547
-97 833
363 857
829 -804
-246 24
964 913
-196 994
-739 350
414 -290
-321 -283
198 535
368 725
929 -197
149 49
-278 70
-39 279
-565 832
-295 -499
-139 -430
737 -902
-340 722
419 489
992 152
-671 16
-415 -892
85 929
263 114
351 765
-294 328
-427 947
-762 -258
818 533
898 910
-166 -417
-126 -975
-496 -369
738 84
-857 231
928 223
-829 -98
582 586
-603 921
-507 -897
-792 -555
-192 -888
-219 512
354 -372
-321 -264
-521 387
-564 -759
-653 718
-74 217
-461 376
-26 46
-842 -173
612 297
259 209
650 1
941 461
-705 -239
63 677
161 -407
