972 -774
-46 592
738 758
453 -589
-603 -751
698 -505
881 224
-788 -545
-121 375
129 574
780 750
-815 767
-300 -158
-801 -169
87 -8
-802 889
-480 869
-196 528
573 -842
-56 25
177 -78
608 -59
-853 -401
183 944
810 633
-695 -191
-258 528
-56 -286
482 751
108 -122
-644 -168
-947 4
-187 -689
-38 -925
-843 -556
-939 -504
-158 593
-170 984
-832 228
-83 -900
493 -909
188 -922
-185 -230
-507 -426
-215 402
607 -720
-411 -334
357 24
481 -613
342 -693
-980 273
396 46
-793 -620
-761 -159
799 197
-550 -136
200 -294
-883 -670
24 -469
783 653
580 -217
396 199
680 -94
-887 -736
699 -946
95 -889
838 -10
-188 -92
-606 -11
-720 299
-170 989
286 -621
-381 117
-484 214
-631 847
128 899
-191 267
-771 -118
174 -220
351 -421
632 -295
-249 162
283 -186
858 -772
60 -926
37 272
-993 -680
-445 -219
-881 -956
-699 679
-471 -717
160 726
694 799
-146 249
-244 422
99 -803
132 192
-830 -739
196 253
57 632
837 -724
-775 -52
-896 -704
853 -660
617 742
-814 -931
714 687
580 -355
-301 577
297 -480
85 406
-73 -712
443 -281
-232 228
-415 -817
-746 -18
407 123
45 13
-322 15
11 -376
-979 106
131 -211
-558 -398
-650 -309
197 -372
835 317
-581 -213
-1 819
832 -894
505 77
702 157
347 -344
974 251
144 120
666 -193
-300 97
-497 602
176 -416
-813 497
740 832
-808 932
396 -856
-482 969
720 -256
-919 -743
386 872
48 -306
75 335
-25 927
545 -669
975 -624
-392 865
-6 118
-475 278
725 576
-224 640
536 681
32 851
555 110
-622 141
-270 -442
-550 40
923 353
-167 -951
945 726
-568 -134
-890 -128
-960 251
-359 610
249 -168
587 923
-796 326
559 357
-228 516
106 852
304 -905
533 -549
508 575
-762 946
-815 539
876 -716
731 396
-870 825
639 841
-436 402
-849 -591
-727 458
-136 -773
810 169
374 968
-997 706
-606 193
-312 483
506 297
743 -702
460 -624
-362 567
422 969
-255 636
-1000 294
535 -125
232 -773
-455 884
-711 413
-274 942
-825 912
-881 -937
314 480
933 716
126 -782
726 560
241 -938
365 -748
-172 274
-561 -596
733 -325
-560 -528
149 -179
961 370
-870 331
-209 820
720 854
245 512
-313 467
880 904
896 974
386 -152
-580 889
253 -729
-553 -158
-550 -30
737 -689
734 -239
159 741
-591 -879
-623 493
372 -374
-688 -502
-739 -780
484 349
-965 832
-438 -470
-505 -456
417 989
-361 717
610 -222
-5 -851
-461 356
-384 115
394 -499
-195 146
2 -894
632 30
-136 984
461 737
567 268
-698 344
-865 86
-420 319
662 802
-550 -815
-519 -747
-556 952
-447 473
916 -707
-566 383
836 -284
-524 -459
341 -735
-347 -721
-685 -662
-737 -552
622 806
598 -576
237 -382
561 207
766 -290
-998 -110
179 948
-669 789
-759 433
615 -73
-259 931
481 -6
-43 -955
541 178
-665 347
-406 766
198 -822
95 -255
102 -592
-33 914
-658 357
698 842
122 988
947 -950
54 -704
846 14
-422 570
764 -607
-703 -480
-176 127
-361 13
939 945
516 -35
-782 242
-335 350
524 -963
-971 -28
120 -142
-315 878
219 -962
-123 -518
-491 -317
471 557
323 -735
-253 324
-814 402
672 -308
-361 634
632 -936
598 -748
-84 -742
841 879
-830 -91
-541 660
-275 92
659 206
-97 -396
-495 -720
-584 902
-401 978
56 -396
-327 807
549 -694
889 309
5 -185
934 478
304 -230
643 -693
-357 705
-226 -216
-787 -136
-734 -353
-54 827
-744 359
-158 910
746 -869
846 384
-328 -148
472 681
424 369
237 657
-610 585
628 712
427 -616
760 79
-416 -890
459 216
78 787
-200 -609
-767 845
206 534
873 748
-86 353
-396 -419
857 -661
236 -560
-985 -76
19 126
-713 -786
-332 -777
857 978
199 941
990 150
-526 329
-694 -393
-903 869
-862 -92
