-663 -980
-190 -861
785 -978
-418 117
-202 64
301 571
841 755
-578 13
-876 592
124 -222
-51 994
-995 -991
790 -408
501 -615
-669 179
736 -94
-429 909
250 896
-455 -257
310 -430
836 609
-617 -765
172 296
-363 -896
-334 -720
-250 -580
-709 919
866 389
560 105
277 -768
595 -758
874 -994
793 -790
89 83
-315 345
15 -615
882 581
73 662
-135 -428
-672 -623
-433 -597
-742 50
-453 -820
-208 359
504 440
75 -486
691 548
-293 141
-487 477
124 -677
458 698
810 -59
-285 -508
-930 746
-528 -927
451 511
-98 134
907 404
-411 693
835 -785
846 956
-148 -463
265 -806
289 -203
-429 -120
-837 -289
-926 658
-355 -678
561 -180
-274 -257
377 603
383 -115
722 -3
-302 400
-215 455
104 -509
-592 390
170 -349
-403 929
485 534
502 -293
647 -187
-526 -588
-342 736
-455 -706
-148 -446
-281 -483
647 -817
-477 -692
530 205
-913 -990
-656 -265
-810 -189
-96 -628
858 395
-188 -544
-652 -439
-395 -11
596 158
-131 -751
346 -210
176 -169
-833 -718
773 -855
667 197
-909 -748
-456 -695
-180 675
544 -826
-532 92
174 491
-107 95
-478 -80
-377 -819
652 416
549 674
-390 652
-19 -656
472 -454
5 461
474 74
587 -82
185 -331
-701 115
962 318
48 638
-458 889
-622 -496
504 -528
-35 934
-174 481
358 -566
-751 600
87 -806
-38 733
-791 -519
346 579
844 -484
772 -839
-785 350
204 -366
867 23
252 823
-291 -107
553 232
999 -318
826 -450
728 -621
-60 734
-732 -781
562 603
-909 -130
-735 -325
627 -845
732 -41
28 502
-55 766
-262 -210
689 -350
501 -830
312 -243
-106 98
-698 647
-493 -420
903 652
153 567
-647 382
-7 874
791 633
483 941
770 702
108 -974
846 -765
-966 -242
131 -396
-197 -862
-910 294
-854 -284
268 848
602 514
-587 773
-229 786
6 -125
-602 26
947 645
409 -835
990 -564
858 -715
71 -22
817 602
-816 206
77 -929
616 208
815 831
-99 -263
-667 139
-994 -862
-681 -66
-744 405
-755 -77
879 527
-204 344
-442 703
883 -500
28 -631
272 -679
495 502
591 259
-842 416
305 549
778 898
-923 -981
-956 -766
-909 -382
-847 331
-432 273
753 -116
460 100
-763 -775
-421 361
-285 -402
-382 40
503 -163
376 -137
248 -14
472 -314
-820 -168
45 -337
-677 954
938 -856
-931 589
-162 148
548 255
669 415
-292 -734
172 -263
600 -77
-242 499
473 257
141 -914
31 -551
859 -945
102 -381
916 558
-648 428
364 945
445 -605
-35 309
179 457
858 -595
-470 -152
373 308
371 -617
853 688
587 -643
906 187
-150 -57
-342 -589
-456 -581
84 97
-563 -974
940 117
-321 -111
-248 -908
-315 -577
808 757
462 -188
220 0
641 128
450 -544
343 141
-497 294
578 -519
-520 900
228 -232
-257 -26
303 783
51 -597
-596 300
700 -990
-857 -867
297 -441
33 -64
249 -281
141 -540
95 -740
-547 397
-629 -590
310 -314
-788 -595
801 537
751 -805
-680 951
-308 -141
-569 865
339 -622
816 581
-480 376
-243 388
-416 -8
-764 324
43 -662
-338 -805
-998 -641
-305 -709
-884 436
517 412
-757 -162
-406 451
936 806
929 313
44 954
377 941
