664 927
325 -987
922 156
980 -93
614 -881
514 -857
446 842
-837 438
192 -42
-711 991
851 628
860 404
-85 991
-137 -983
82 523
-152 -400
-114 -146
-714 354
491 -358
-845 643
353 881
633 -772
918 -157
750 -139
-422 820
427 -734
-453 -213
829 -38
-148 838
-232 382
-632 883
722 679
703 -148
-190 684
691 -421
-615 -3
1 -77
-603 -284
677 400
507 453
95 -202
-569 -772
-180 161
-70 451
-738 524
-542 -593
857 -17
807 -645
62 -165
66 478
-806 268
-328 -461
-254 992
-687 -485
-134 -944
-721 337
-129 218
-425 194
941 -917
-272 -480
-987 -234
-33 511
996 739
-67 162
192 -275
207 -810
305 548
817 248
660 607
-535 -888
788 714
-778 -310
-122 -487
-625 -98
119 -533
506 -439
-451 107
-730 -747
-90 890
-767 737
343 -266
-171 880
-497 13
262 -616
-233 157
-191 -678
737 112
-393 -508
988 167
633 650
786 -179
308 -75
-422 674
-680 45
687 470
517 149
534 993
631 922
222 558
-28 -323
-348 247
443 -885
-270 617
-358 482
36 -643
113 -217
218 -977
-672 93
83 -947
521 222
40 -436
897 -68
573 454
66 491
241 -765
-81 189
-151 162
307 88
-915 588
154 767
505 -724
-452 139
902 176
-937 823
-94 -392
524 634
-977 -850
-211 -166
-614 521
203 -318
-329 -7
-908 -782
609 -932
191 172
-453 -850
-739 782
-175 -939
523 593
-231 288
-453 999
386 766
279 -900
208 121
-59 -14
905 853
589 -85
543 -134
397 -528
222 245
-706 -51
681 -15
-431 -433
-980 455
889 15
735 247
-408 18
-178 417
503 -746
-117 -926
-945 402
-312 -119
249 35
-627 -268
493 -940
-729 583
309 73
619 -540
517 -961
476 -711
-846 -300
416 -313
-484 -571
-939 -883
-15 -570
536 724
-972 -81
585 -134
-134 -800
-877 732
-904 -778
-239 -729
655 -792
-607 950
-765 624
220 -294
-457 -401
-451 -96
807 -50
-588 -820
714 731
73 -165
-184 187
128 278
505 -879
-441 -644
284 673
-821 994
398 111
-537 782
-158 348
-683 -839
-412 889
-285 263
-926 118
527 364
-562 446
891 -546
894 -771
202 -377
-506 -921
453 662
-94 709
972 -702
-43 3
-491 826
-496 24
315 -370
-931 245
325 185
852 243
600 -277
36 226
883 505
991 -226
789 -424
-257 -967
-628 629
398 856
438 980
988 -443
366 19
64 -634
-833 -569
-211 -913
-123 -703
-773 917
-89 -691
-281 -124
557 -538
-806 -175
-852 -16
-549 406
469 877
-830 -861
893 -955
200 -412
-325 312
-985 468
824 569
-30 -149
-764 -306
557 820
-147 951
-104 684
-247 365
621 885
532 175
-176 -745
-31 -960
456 503
364 519
241 -748
78 532
-46 356
301 34
79 -669
-940 631
-214 413
-622 970
914 1
149 621
719 -470
686 162
-955 86
643 -181
628 -183
549 -99
314 509
256 -475
90 501
-339 927
14 -640
681 -248
-746 734
383 -549
-20 -227
441 622
-169 568
-975 -870
845 -500
-769 269
700 -708
-785 -890
805 -267
88 -515
-88 14
-165 -654
747 646
-329 656
-572 -702
-974 -858
704 715
609 296
-352 390
916 -303
905 978
656 -598
-748 -769
743 219
-319 -221
-429 44
-984 -359
-127 -638
787 -496
-192 165
783 -602
-761 -339
-433 568
-144 705
-458 -951
21 -83
-555 -190
-642 974
671 -181
-920 672
745 164
-60 -478
-223 -539
423 -485
-380 464
284 148
907 618
981 -204
714 346
349 -782
943 -271
-786 -278
-87 311
723 561
-825 877
-891 -142
144 688
598 385
165 -994
691 5
364 307
-541 -920
889 -362
-380 -36
-61 896
352 275
356 2
167 487
-461 -381
-931 605
-152 694
-29 391
458 -21
601 -271
-440 668
652 638
-19 -85
-718 -802
-158 -334
76 949
990 -334
-877 905
994 -621
856 657
-419 322
-176 -627
-688 573
-873 387
403 -43
-508 -341
-714 107
-436 440
-87 243
-151 -979
393 300
922 -319
-16 -578
-362 824
-364 -38
194 255
444 -291
